srun: error: Invalid user id 1002: No error
srun: Warning: Unable to assume uid=1002

     Program PWSCF v.6.5 starts on 19Apr2021 at 20:32:32 

     This program is part of the open-source Quantum ESPRESSO suite
     for quantum simulation of materials; please cite
         "P. Giannozzi et al., J. Phys.:Condens. Matter 21 395502 (2009);
         "P. Giannozzi et al., J. Phys.:Condens. Matter 29 465901 (2017);
          URL http://www.quantum-espresso.org", 
     in publications or presentations arising from this work. More details at
     http://www.quantum-espresso.org/quote

     Parallel version (MPI), running on    32 processors

     MPI processes distributed on     1 nodes
     R & G space division:  proc/nbgrp/npool/nimage =      32
     Reading input from MD100kbar.in

     Current dimensions of program PWSCF are:
     Max number of different atomic species (ntypx) = 10
     Max number of k-points (npk) =  40000
     Max angular momentum in pseudopotentials (lmaxx) =  3
               file Al.pbe-n-kjpaw_psl.1.0.0.UPF: wavefunction(s)  3S 3P renormalized
               file Nb.pbe-spn-kjpaw_psl.0.3.0.UPF: wavefunction(s)  4S 4P renormalized

     Subspace diagonalization in iterative solution of the eigenvalue problem:
     a serial algorithm will be used

     Found symmetry operation: I + ( -0.0000 -0.5000  0.5000)
     This is a supercell, fractional translations are disabled

     Parallelization info
     --------------------
     sticks:   dense  smooth     PW     G-vecs:    dense   smooth      PW
     Min          64      28      8                 2173      637     104
     Max          65      29      9                 2178      642     109
     Sum        2053     901    277                69599    20479    3407



     bravais-lattice index     =            0
     lattice parameter (alat)  =       7.6373  a.u.
     unit-cell volume          =     445.4683 (a.u.)^3
     number of atoms/cell      =            4
     number of atomic types    =            6
     number of electrons       =        12.00
     number of Kohn-Sham states=           10
     kinetic-energy cutoff     =      48.9484  Ry
     charge density cutoff     =     440.5350  Ry
     convergence threshold     =      1.0E-06
     mixing beta               =       0.4000
     number of iterations used =            8  plain     mixing
     Exchange-correlation= SLA  PW   PBE  PBE
                           (   1   4   3   4   0   0   0)
     nstep                     =          100


     celldm(1)=   7.637283  celldm(2)=   0.000000  celldm(3)=   0.000000
     celldm(4)=   0.000000  celldm(5)=   0.000000  celldm(6)=   0.000000

     crystal axes: (cart. coord. in units of alat)
               a(1) = (   1.000000   0.000000   0.000000 )  
               a(2) = (   0.000000   1.000000   0.000000 )  
               a(3) = (   0.000000   0.000000   1.000001 )  

     reciprocal axes: (cart. coord. in units 2 pi/alat)
               b(1) = (  1.000000 -0.000000 -0.000000 )  
               b(2) = ( -0.000000  1.000000 -0.000000 )  
               b(3) = ( -0.000000 -0.000000  0.999999 )  


     PseudoPot. # 1 for Al read from file:
     /opt/QEpot/SSSP_precision_pseudos/Al.pbe-n-kjpaw_psl.1.0.0.UPF
     MD5 check sum: cfc449ca30b5f3223ec38ddd88ac046d
     Pseudo is Projector augmented-wave + core cor, Zval =  3.0
     Generated using "atomic" code by A. Dal Corso v.5.1
     Shape of augmentation charge: PSQ
     Using radial grid of 1135 points,  6 beta functions with: 
                l(1) =   0
                l(2) =   0
                l(3) =   1
                l(4) =   1
                l(5) =   2
                l(6) =   2
     Q(r) pseudized with 0 coefficients 


     PseudoPot. # 2 for Mo read from file:
     /opt/QEpot/SSSP_precision_pseudos/Mo_ONCV_PBE-1.0.oncvpsp.upf
     MD5 check sum: 1b5d28e075c9ccadda658a603575cd1f
     Pseudo is Norm-conserving, Zval = 14.0
     Generated using ONCVPSP code by D. R. Hamann
     Using radial grid of 1526 points,  6 beta functions with: 
                l(1) =   0
                l(2) =   0
                l(3) =   1
                l(4) =   1
                l(5) =   2
                l(6) =   2

     PseudoPot. # 3 for Nb read from file:
     /opt/QEpot/SSSP_precision_pseudos/Nb.pbe-spn-kjpaw_psl.0.3.0.UPF
     MD5 check sum: 411d72ad547312f8017e2943ceca08cc
     Pseudo is Projector augmented-wave + core cor, Zval = 13.0
     Generated using "atomic" code by A. Dal Corso v.5.0.99 svn rev. 10869
     Shape of augmentation charge: PSQ
     Using radial grid of 1227 points,  6 beta functions with: 
                l(1) =   0
                l(2) =   0
                l(3) =   1
                l(4) =   1
                l(5) =   2
                l(6) =   2
     Q(r) pseudized with 0 coefficients 


     PseudoPot. # 4 for Ta read from file:
     /opt/QEpot/SSSP_precision_pseudos/Ta_pbe_v1.uspp.F.UPF
     MD5 check sum: f8bbe9446314a3b8ea5d9f3e3836c939
     Pseudo is Ultrasoft + core correction, Zval = 13.0
     Generated by new atomic code, or converted to UPF format
     Using radial grid of  921 points,  7 beta functions with: 
                l(1) =   0
                l(2) =   0
                l(3) =   1
                l(4) =   1
                l(5) =   2
                l(6) =   2
                l(7) =   3
     Q(r) pseudized with  6 coefficients,  rinner =    1.300   1.300   1.300
                                                       1.300   1.300   1.300
                                                       1.300

     PseudoPot. # 5 for Tl read from file:
     /opt/QEpot/SSSP_precision_pseudos/Ti_pbe_v1.2.uspp.F.UPF
     MD5 check sum: b76cf1f7e72655a2b2c53cf6385d7059
     Pseudo is Ultrasoft + core correction, Zval = 13.0
     Generated by new atomic code, or converted to UPF format
     Using radial grid of  899 points,  6 beta functions with: 
                l(1) =   0
                l(2) =   0
                l(3) =   1
                l(4) =   1
                l(5) =   2
                l(6) =   2
     Q(r) pseudized with  6 coefficients,  rinner =    1.100   1.100   1.100
                                                       1.100   1.100

     PseudoPot. # 6 for Zr read from file:
     /opt/QEpot/SSSP_precision_pseudos/Zr_pbe_v1.uspp.F.UPF
     MD5 check sum: 5db81b1e868ab7776c4564c113de050b
     Pseudo is Ultrasoft + core correction, Zval = 12.0
     Generated by new atomic code, or converted to UPF format
     Using radial grid of  887 points,  6 beta functions with: 
                l(1) =   0
                l(2) =   0
                l(3) =   1
                l(4) =   1
                l(5) =   2
                l(6) =   2
     Q(r) pseudized with  6 coefficients,  rinner =    1.200   1.200   1.200
                                                       1.200   1.200

     atomic species   valence    mass     pseudopotential
        Al             3.00    26.98154     Al( 1.00)
        Mo            14.00    95.95000     Mo( 1.00)
        Nb            13.00    92.90638     Nb( 1.00)
        Ta            13.00   180.94788     Ta( 1.00)
        Ti            13.00    47.86700     Tl( 1.00)
        Zr            12.00    91.22400     Zr( 1.00)

      cell mass =   8.20140 AMU 

     No symmetry found



   Cartesian axes

     site n.     atom                  positions (alat units)
         1           Al  tau(   1) = (  -0.0000001  -0.0000001  -0.0000000  )
         2           Al  tau(   2) = (  -0.0000002   0.5000001   0.5000002  )
         3           Al  tau(   3) = (   0.5000003  -0.0000001   0.5000005  )
         4           Al  tau(   4) = (   0.5000001   0.5000001   0.0000001  )

     number of k points=   504  Gaussian smearing, width (Ry)=  0.0100

     Number of k-points >= 100: set verbosity='high' to print them.

     Dense  grid:    69599 G-vectors     FFT dimensions: (  54,  54,  54)

     Smooth grid:    20479 G-vectors     FFT dimensions: (  36,  36,  36)

     Estimated max dynamical RAM per process >      66.30 MB

     Estimated total dynamical RAM >       2.07 GB

     Initial potential from superposition of free atoms

     starting charge   11.99084, renormalised to   12.00000
     Starting wfcs are   16 randomized atomic wfcs
     Checking if some PAW data can be deallocated... 

     total cpu time spent up to now is       10.5 secs

     Self-consistent Calculation

     iteration #  1     ecut=    48.95 Ry     beta= 0.40
     Davidson diagonalization with overlap
     ethr =  1.00E-02,  avg # of iterations =  3.3

     Threshold (ethr) on eigenvalues was too large:
     Diagonalizing with lowered threshold

     Davidson diagonalization with overlap
     ethr =  1.82E-04,  avg # of iterations =  3.2

     total cpu time spent up to now is       22.8 secs

     total energy              =    -158.01225769 Ry
     Harris-Foulkes estimate   =    -158.01608232 Ry
     estimated scf accuracy    <       0.02170523 Ry

     iteration #  2     ecut=    48.95 Ry     beta= 0.40
     Davidson diagonalization with overlap
     ethr =  1.81E-04,  avg # of iterations =  1.0

     total cpu time spent up to now is       27.4 secs

     total energy              =    -158.01032135 Ry
     Harris-Foulkes estimate   =    -158.01236564 Ry
     estimated scf accuracy    <       0.00744310 Ry

     iteration #  3     ecut=    48.95 Ry     beta= 0.40
     Davidson diagonalization with overlap
     ethr =  6.20E-05,  avg # of iterations =  1.2

     total cpu time spent up to now is       32.0 secs

     total energy              =    -158.01048466 Ry
     Harris-Foulkes estimate   =    -158.01048904 Ry
     estimated scf accuracy    <       0.00001206 Ry

     iteration #  4     ecut=    48.95 Ry     beta= 0.40
     Davidson diagonalization with overlap
     ethr =  1.01E-07,  avg # of iterations =  3.9

     total cpu time spent up to now is       39.1 secs

     total energy              =    -158.01049797 Ry
     Harris-Foulkes estimate   =    -158.01049875 Ry
     estimated scf accuracy    <       0.00000297 Ry

     iteration #  5     ecut=    48.95 Ry     beta= 0.40
     Davidson diagonalization with overlap
     ethr =  2.48E-08,  avg # of iterations =  1.1

     total cpu time spent up to now is       43.6 secs

     End of self-consistent calculation

     Number of k-points >= 100: set verbosity='high' to print the bands.

     the Fermi energy is     7.9356 ev

!    total energy              =    -158.01049803 Ry
     Harris-Foulkes estimate   =    -158.01049803 Ry
     estimated scf accuracy    <       0.00000001 Ry

     convergence has been achieved in   5 iterations

     Forces acting on atoms (cartesian axes, Ry/au):

     atom    1 type  1   force =    -0.00000535   -0.00000810   -0.00000435
     atom    2 type  1   force =    -0.00000319    0.00000765    0.00000746
     atom    3 type  1   force =     0.00000272   -0.00000721   -0.00000051
     atom    4 type  1   force =     0.00000582    0.00000766   -0.00000260

     Total force =     0.000020     Total SCF correction =     0.000027
     SCF correction compared to forces is large: reduce conv_thr to get better values


     Computing stress (Cartesian axis) and pressure

          total   stress  (Ry/bohr**3)                   (kbar)     P=        0.09
   0.00000058  -0.00000001  -0.00000003            0.09       -0.00       -0.00
  -0.00000001   0.00000058  -0.00000003           -0.00        0.08       -0.00
  -0.00000003  -0.00000003   0.00000060           -0.00       -0.00        0.09


     Entering Dynamics;  it =     1   time =  0.00000 pico-seconds

 natom=0 for type           2 in sub ranv (1) !!!! 
 natom=0 for type           3 in sub ranv (1) !!!! 
 natom=0 for type           4 in sub ranv (1) !!!! 
 natom=0 for type           5 in sub ranv (1) !!!! 
 natom=0 for type           6 in sub ranv (1) !!!! 
  new lattice vectors (alat unit) :
   0.999814949   0.000000007   0.000000075
   0.000000007   0.999814831   0.000000058
   0.000000075   0.000000058   0.999815548
  new unit-cell volume =    445.2211 (a.u.)^3
  new positions in cryst coord
Al      -0.000000097  -0.000000091  -0.000000053
Al      -0.000000282   0.500000136   0.499999928
Al       0.500000267  -0.000000185   0.500000151
Al       0.500000112   0.500000140  -0.000000027
  new positions in cart coord (alat unit)
Al      -0.000000097  -0.000000091  -0.000000053
Al      -0.000000241   0.499907581   0.499907731
Al       0.499907779  -0.000000153   0.499907963
Al       0.499907590   0.499907559   0.000000040

     Ekin =     0.00000000 Ry    T =    0.0 K  Etot =  -157.70767477
     new unit-cell volume =    445.22106 a.u.^3 (    65.97495 Ang^3 )
     density =      2.71642 g/cm^3

CELL_PARAMETERS (angstrom)
   4.040728109   0.000000029   0.000000303
   0.000000029   4.040727633   0.000000233
   0.000000303   0.000000233   4.040730532

ATOMIC_POSITIONS (angstrom)
Al           -0.0000003923       -0.0000003694       -0.0000002122
Al           -0.0000009748        2.0203644836        2.0203650921
Al            2.0203652857       -0.0000006181        2.0203660281
Al            2.0203645231        2.0203643982        0.0000001599



     Writing output data file ./pwscf.save/
     NEW-OLD atomic charge density approx. for the potential
     extrapolated charge   11.99334, renormalised to   12.00000

     total cpu time spent up to now is       53.7 secs

     Self-consistent Calculation

     iteration #  1     ecut=    48.95 Ry     beta= 0.40
     Davidson diagonalization with overlap
     ethr =  1.00E-06,  avg # of iterations =  2.1

     Threshold (ethr) on eigenvalues was too large:
     Diagonalizing with lowered threshold

     Davidson diagonalization with overlap
     ethr =  1.60E-10,  avg # of iterations =  3.2

     total cpu time spent up to now is       65.1 secs

     End of self-consistent calculation

     Number of k-points >= 100: set verbosity='high' to print the bands.

     the Fermi energy is     7.9428 ev

!    total energy              =    -158.01049752 Ry
     Harris-Foulkes estimate   =    -158.00505248 Ry
     estimated scf accuracy    <       0.00000002 Ry

     convergence has been achieved in   1 iterations

     Forces acting on atoms (cartesian axes, Ry/au):

     atom    1 type  1   force =     0.00000304    0.00000520    0.00000202
     atom    2 type  1   force =     0.00000277   -0.00000507   -0.00000243
     atom    3 type  1   force =    -0.00000269    0.00000500   -0.00000157
     atom    4 type  1   force =    -0.00000311   -0.00000513    0.00000198

     Total force =     0.000012     Total SCF correction =     0.000048
     SCF correction compared to forces is large: reduce conv_thr to get better values


     Computing stress (Cartesian axis) and pressure

          total   stress  (Ry/bohr**3)                   (kbar)     P=        0.55
   0.00000376   0.00000000   0.00000000            0.55        0.00        0.00
   0.00000000   0.00000376   0.00000000            0.00        0.55        0.00
   0.00000000   0.00000000   0.00000377            0.00        0.00        0.55


     Entering Dynamics;  it =     2   time =  0.00097 pico-seconds

  new lattice vectors (alat unit) :
   0.999353725   0.000000006   0.000000068
   0.000000006   0.999353606   0.000000051
   0.000000068   0.000000051   0.999354332
  new unit-cell volume =    444.6052 (a.u.)^3
  new positions in cryst coord
Al      -0.000000098  -0.000000092  -0.000000054
Al      -0.000000281   0.500000136   0.499999934
Al       0.500000265  -0.000000185   0.500000147
Al       0.500000114   0.500000140  -0.000000026
  new positions in cart coord (alat unit)
Al      -0.000000098  -0.000000092  -0.000000054
Al      -0.000000244   0.499676965   0.499677125
Al       0.499677161  -0.000000156   0.499677347
Al       0.499676979   0.499676946   0.000000033

     Ekin =     0.00017097 Ry    T =    3.6 K  Etot =  -157.70767137
     new unit-cell volume =    444.60520 a.u.^3 (    65.88369 Ang^3 )
     density =      2.72018 g/cm^3

CELL_PARAMETERS (angstrom)
   4.038864085   0.000000022   0.000000273
   0.000000022   4.038863604   0.000000208
   0.000000273   0.000000208   4.038866536

ATOMIC_POSITIONS (angstrom)
Al           -0.0000003967       -0.0000003711       -0.0000002197
Al           -0.0000009871        2.0194324569        2.0194331038
Al            2.0194332503       -0.0000006320        2.0194339987
Al            2.0194325141        2.0194323805        0.0000001342



     Writing output data file ./pwscf.save/
     NEW-OLD atomic charge density approx. for the potential
     extrapolated charge   11.98339, renormalised to   12.00000

     total cpu time spent up to now is       75.1 secs

     Self-consistent Calculation

     iteration #  1     ecut=    48.95 Ry     beta= 0.40
     Davidson diagonalization with overlap
     ethr =  1.00E-06,  avg # of iterations =  2.1

     Threshold (ethr) on eigenvalues was too large:
     Diagonalizing with lowered threshold

     Davidson diagonalization with overlap
     ethr =  5.93E-10,  avg # of iterations =  3.5

     total cpu time spent up to now is       87.2 secs

     End of self-consistent calculation

     Number of k-points >= 100: set verbosity='high' to print the bands.

     the Fermi energy is     7.9594 ev

!    total energy              =    -158.01049308 Ry
     Harris-Foulkes estimate   =    -157.99690770 Ry
     estimated scf accuracy    <       0.00000007 Ry

     convergence has been achieved in   1 iterations

     Forces acting on atoms (cartesian axes, Ry/au):

     atom    1 type  1   force =    -0.00000325   -0.00000626   -0.00000250
     atom    2 type  1   force =    -0.00000293    0.00000617    0.00000281
     atom    3 type  1   force =     0.00000289   -0.00000607    0.00000214
     atom    4 type  1   force =     0.00000329    0.00000616   -0.00000246

     Total force =     0.000015     Total SCF correction =     0.000061
     SCF correction compared to forces is large: reduce conv_thr to get better values


     Computing stress (Cartesian axis) and pressure

          total   stress  (Ry/bohr**3)                   (kbar)     P=        1.66
   0.00001126  -0.00000000  -0.00000000            1.66       -0.00       -0.00
  -0.00000000   0.00001126  -0.00000000           -0.00        1.66       -0.00
  -0.00000000  -0.00000000   0.00001126           -0.00       -0.00        1.66


     Entering Dynamics;  it =     3   time =  0.00194 pico-seconds

  new lattice vectors (alat unit) :
   0.998619642   0.000000004   0.000000060
   0.000000004   0.998619522   0.000000045
   0.000000060   0.000000045   0.998620258
  new unit-cell volume =    443.6262 (a.u.)^3
  new positions in cryst coord
Al      -0.000000106  -0.000000106  -0.000000062
Al      -0.000000286   0.500000150   0.499999945
Al       0.500000270  -0.000000197   0.500000148
Al       0.500000123   0.500000154  -0.000000031
  new positions in cart coord (alat unit)
Al      -0.000000106  -0.000000106  -0.000000062
Al      -0.000000254   0.499309933   0.499310096
Al       0.499310120  -0.000000173   0.499310306
Al       0.499309946   0.499309916   0.000000021

     Ekin =     0.00058509 Ry    T =    8.0 K  Etot =  -157.70767146
     new unit-cell volume =    443.62616 a.u.^3 (    65.73861 Ang^3 )
     density =      2.72618 g/cm^3

CELL_PARAMETERS (angstrom)
   4.035897307   0.000000016   0.000000241
   0.000000016   4.035896822   0.000000181
   0.000000241   0.000000181   4.035899793

ATOMIC_POSITIONS (angstrom)
Al           -0.0000004289       -0.0000004265       -0.0000002487
Al           -0.0000010255        2.0179491050        2.0179497650
Al            2.0179498615       -0.0000006989        2.0179506125
Al            2.0179491563        2.0179490382        0.0000000856



     Writing output data file ./pwscf.save/
     NEW-OLD atomic charge density approx. for the potential
     extrapolated charge   11.97354, renormalised to   12.00000

     total cpu time spent up to now is       97.1 secs

     Self-consistent Calculation

     iteration #  1     ecut=    48.95 Ry     beta= 0.40
     Davidson diagonalization with overlap
     ethr =  1.00E-06,  avg # of iterations =  2.0

     Threshold (ethr) on eigenvalues was too large:
     Diagonalizing with lowered threshold

     Davidson diagonalization with overlap
     ethr =  1.37E-09,  avg # of iterations =  3.5

     total cpu time spent up to now is      109.3 secs

     End of self-consistent calculation

     Number of k-points >= 100: set verbosity='high' to print the bands.

     the Fermi energy is     7.9844 ev

!    total energy              =    -158.01047676 Ry
     Harris-Foulkes estimate   =    -157.98882028 Ry
     estimated scf accuracy    <       0.00000016 Ry

     convergence has been achieved in   1 iterations

     Forces acting on atoms (cartesian axes, Ry/au):

     atom    1 type  1   force =     0.00000466    0.00000837    0.00000332
     atom    2 type  1   force =     0.00000465   -0.00000834   -0.00000338
     atom    3 type  1   force =    -0.00000464    0.00000834   -0.00000324
     atom    4 type  1   force =    -0.00000466   -0.00000836    0.00000331

     Total force =     0.000020     Total SCF correction =     0.000078
     SCF correction compared to forces is large: reduce conv_thr to get better values


     Computing stress (Cartesian axis) and pressure

          total   stress  (Ry/bohr**3)                   (kbar)     P=        3.41
   0.00002315  -0.00000000  -0.00000000            3.41       -0.00       -0.00
  -0.00000000   0.00002315  -0.00000000           -0.00        3.41       -0.00
  -0.00000000  -0.00000000   0.00002316           -0.00       -0.00        3.41


     Entering Dynamics;  it =     4   time =  0.00290 pico-seconds

  new lattice vectors (alat unit) :
   0.997617949   0.000000002   0.000000052
   0.000000002   0.997617827   0.000000038
   0.000000052   0.000000038   0.997618574
  new unit-cell volume =    442.2925 (a.u.)^3
  new positions in cryst coord
Al      -0.000000104  -0.000000102  -0.000000062
Al      -0.000000281   0.500000145   0.499999949
Al       0.500000264  -0.000000192   0.500000141
Al       0.500000121   0.500000149  -0.000000029
  new positions in cart coord (alat unit)
Al      -0.000000104  -0.000000101  -0.000000062
Al      -0.000000253   0.498809077   0.498809255
Al       0.498809263  -0.000000172   0.498809454
Al       0.498809097   0.498809063   0.000000016

     Ekin =     0.00123403 Ry    T =   14.0 K  Etot =  -157.70767174
     new unit-cell volume =    442.29252 a.u.^3 (    65.54099 Ang^3 )
     density =      2.73440 g/cm^3

CELL_PARAMETERS (angstrom)
   4.031848986   0.000000009   0.000000208
   0.000000009   4.031848495   0.000000153
   0.000000208   0.000000153   4.031851513

ATOMIC_POSITIONS (angstrom)
Al           -0.0000004209       -0.0000004098       -0.0000002490
Al           -0.0000010238        2.0159249092        2.0159256287
Al            2.0159256611       -0.0000006941        2.0159264299
Al            2.0159249868        2.0159248518        0.0000000654



     Writing output data file ./pwscf.save/
     NEW-OLD atomic charge density approx. for the potential
     extrapolated charge   11.96384, renormalised to   12.00000

     total cpu time spent up to now is      119.2 secs

     Self-consistent Calculation

     iteration #  1     ecut=    48.95 Ry     beta= 0.40
     Davidson diagonalization with overlap
     ethr =  1.00E-06,  avg # of iterations =  2.0

     Threshold (ethr) on eigenvalues was too large:
     Diagonalizing with lowered threshold

     Davidson diagonalization with overlap
     ethr =  2.50E-09,  avg # of iterations =  3.5

     total cpu time spent up to now is      131.4 secs

     End of self-consistent calculation

     Number of k-points >= 100: set verbosity='high' to print the bands.

     the Fermi energy is     8.0177 ev

!    total energy              =    -158.01043600 Ry
     Harris-Foulkes estimate   =    -157.98082253 Ry
     estimated scf accuracy    <       0.00000029 Ry

     convergence has been achieved in   1 iterations

     Forces acting on atoms (cartesian axes, Ry/au):

     atom    1 type  1   force =    -0.00000523   -0.00001011   -0.00000399
     atom    2 type  1   force =    -0.00000509    0.00001010    0.00000409
     atom    3 type  1   force =     0.00000508   -0.00001005    0.00000389
     atom    4 type  1   force =     0.00000525    0.00001006   -0.00000399

     Total force =     0.000024     Total SCF correction =     0.000099
     SCF correction compared to forces is large: reduce conv_thr to get better values


     Computing stress (Cartesian axis) and pressure

          total   stress  (Ry/bohr**3)                   (kbar)     P=        5.81
   0.00003950  -0.00000000  -0.00000000            5.81       -0.00       -0.00
  -0.00000000   0.00003950  -0.00000000           -0.00        5.81       -0.00
  -0.00000000  -0.00000000   0.00003950           -0.00       -0.00        5.81


     Entering Dynamics;  it =     5   time =  0.00387 pico-seconds

  new lattice vectors (alat unit) :
   0.996355830   0.000000000   0.000000043
   0.000000000   0.996355707   0.000000031
   0.000000043   0.000000031   0.996356467
  new unit-cell volume =    440.6160 (a.u.)^3
  new positions in cryst coord
Al      -0.000000114  -0.000000119  -0.000000070
Al      -0.000000287   0.500000162   0.499999962
Al       0.500000269  -0.000000208   0.500000143
Al       0.500000131   0.500000166  -0.000000035
  new positions in cart coord (alat unit)
Al      -0.000000113  -0.000000119  -0.000000070
Al      -0.000000264   0.498178031   0.498178211
Al       0.498178205  -0.000000192   0.498178398
Al       0.498178046   0.498178019   0.000000003

     Ekin =     0.00209925 Ry    T =   21.5 K  Etot =  -157.70767235
     new unit-cell volume =    440.61597 a.u.^3 (    65.29255 Ang^3 )
     density =      2.74481 g/cm^3

CELL_PARAMETERS (angstrom)
   4.026748163   0.000000002   0.000000175
   0.000000002   4.026747666   0.000000126
   0.000000175   0.000000126   4.026750738

ATOMIC_POSITIONS (angstrom)
Al           -0.0000004578       -0.0000004800       -0.0000002836
Al           -0.0000010659        2.0133745486        2.0133752795
Al            2.0133752530       -0.0000007758        2.0133760323
Al            2.0133746113        2.0133745005        0.0000000103



     Writing output data file ./pwscf.save/
     NEW-OLD atomic charge density approx. for the potential
     extrapolated charge   11.95437, renormalised to   12.00000

     total cpu time spent up to now is      141.3 secs

     Self-consistent Calculation

     iteration #  1     ecut=    48.95 Ry     beta= 0.40
     Davidson diagonalization with overlap
     ethr =  1.00E-06,  avg # of iterations =  2.1

     Threshold (ethr) on eigenvalues was too large:
     Diagonalizing with lowered threshold

     Davidson diagonalization with overlap
     ethr =  3.97E-09,  avg # of iterations =  3.5

     total cpu time spent up to now is      153.5 secs

     End of self-consistent calculation

     Number of k-points >= 100: set verbosity='high' to print the bands.

     the Fermi energy is     8.0592 ev

!    total energy              =    -158.01035394 Ry
     Harris-Foulkes estimate   =    -157.97294377 Ry
     estimated scf accuracy    <       0.00000047 Ry

     convergence has been achieved in   1 iterations

     Forces acting on atoms (cartesian axes, Ry/au):

     atom    1 type  1   force =     0.00000724    0.00001329    0.00000526
     atom    2 type  1   force =     0.00000733   -0.00001331   -0.00000523
     atom    3 type  1   force =    -0.00000730    0.00001333   -0.00000528
     atom    4 type  1   force =    -0.00000726   -0.00001332    0.00000525

     Total force =     0.000032     Total SCF correction =     0.000125
     SCF correction compared to forces is large: reduce conv_thr to get better values


     Computing stress (Cartesian axis) and pressure

          total   stress  (Ry/bohr**3)                   (kbar)     P=        8.88
   0.00006038   0.00000000  -0.00000000            8.88        0.00       -0.00
   0.00000000   0.00006038  -0.00000000            0.00        8.88       -0.00
  -0.00000000  -0.00000000   0.00006039           -0.00       -0.00        8.88


     Entering Dynamics;  it =     6   time =  0.00484 pico-seconds

  new lattice vectors (alat unit) :
   0.994842416  -0.000000001   0.000000035
  -0.000000001   0.994842291   0.000000024
   0.000000035   0.000000024   0.994843066
  new unit-cell volume =    438.6112 (a.u.)^3
  new positions in cryst coord
Al      -0.000000108  -0.000000108  -0.000000068
Al      -0.000000277   0.500000151   0.499999964
Al       0.500000259  -0.000000196   0.500000134
Al       0.500000126   0.500000154  -0.000000030
  new positions in cart coord (alat unit)
Al      -0.000000107  -0.000000108  -0.000000068
Al      -0.000000258   0.497421307   0.497421509
Al       0.497421483  -0.000000184   0.497421684
Al       0.497421332   0.497421298   0.000000000

     Ekin =     0.00315580 Ry    T =   30.5 K  Etot =  -157.70767343
     new unit-cell volume =    438.61121 a.u.^3 (    64.99547 Ang^3 )
     density =      2.75735 g/cm^3

CELL_PARAMETERS (angstrom)
   4.020631737  -0.000000005   0.000000142
  -0.000000005   4.020631232   0.000000097
   0.000000142   0.000000097   4.020634365

ATOMIC_POSITIONS (angstrom)
Al           -0.0000004324       -0.0000004358       -0.0000002728
Al           -0.0000010447        2.0103162706        2.0103170866
Al            2.0103169799       -0.0000007427        2.0103177908
Al            2.0103163716        2.0103162322        0.0000000000



     Writing output data file ./pwscf.save/
     NEW-OLD atomic charge density approx. for the potential
     extrapolated charge   11.94519, renormalised to   12.00000

     total cpu time spent up to now is      163.4 secs

     Self-consistent Calculation

     iteration #  1     ecut=    48.95 Ry     beta= 0.40
     Davidson diagonalization with overlap
     ethr =  1.00E-06,  avg # of iterations =  2.2

     Threshold (ethr) on eigenvalues was too large:
     Diagonalizing with lowered threshold

     Davidson diagonalization with overlap
     ethr =  5.76E-09,  avg # of iterations =  3.4

     total cpu time spent up to now is      175.6 secs

     End of self-consistent calculation

     Number of k-points >= 100: set verbosity='high' to print the bands.

     the Fermi energy is     8.1085 ev

!    total energy              =    -158.01020978 Ry
     Harris-Foulkes estimate   =    -157.96521121 Ry
     estimated scf accuracy    <       0.00000069 Ry

     convergence has been achieved in   1 iterations

     Forces acting on atoms (cartesian axes, Ry/au):

     atom    1 type  1   force =    -0.00000849   -0.00001630   -0.00000643
     atom    2 type  1   force =    -0.00000840    0.00001629    0.00000648
     atom    3 type  1   force =     0.00000838   -0.00001623    0.00000637
     atom    4 type  1   force =     0.00000850    0.00001624   -0.00000643

     Total force =     0.000039     Total SCF correction =     0.000157
     SCF correction compared to forces is large: reduce conv_thr to get better values


     Computing stress (Cartesian axis) and pressure

          total   stress  (Ry/bohr**3)                   (kbar)     P=       12.63
   0.00008588  -0.00000000  -0.00000000           12.63       -0.00       -0.00
  -0.00000000   0.00008588  -0.00000000           -0.00       12.63       -0.00
  -0.00000000  -0.00000000   0.00008589           -0.00       -0.00       12.63


     Entering Dynamics;  it =     7   time =  0.00581 pico-seconds

  new lattice vectors (alat unit) :
   0.993088785  -0.000000003   0.000000027
  -0.000000003   0.993088658   0.000000017
   0.000000027   0.000000017   0.993089450
  new unit-cell volume =    436.2959 (a.u.)^3
  new positions in cryst coord
Al      -0.000000120  -0.000000132  -0.000000079
Al      -0.000000285   0.500000174   0.499999980
Al       0.500000266  -0.000000219   0.500000138
Al       0.500000138   0.500000177  -0.000000038
  new positions in cart coord (alat unit)
Al      -0.000000119  -0.000000132  -0.000000079
Al      -0.000000271   0.496544510   0.496544713
Al       0.496544670  -0.000000210   0.496544875
Al       0.496544528   0.496544503  -0.000000016

     Ekin =     0.00437277 Ry    T =   40.8 K  Etot =  -157.70767512
     new unit-cell volume =    436.29585 a.u.^3 (    64.65237 Ang^3 )
     density =      2.77199 g/cm^3

CELL_PARAMETERS (angstrom)
   4.013544479  -0.000000012   0.000000109
  -0.000000012   4.013543965   0.000000068
   0.000000109   0.000000068   4.013547167

ATOMIC_POSITIONS (angstrom)
Al           -0.0000004798       -0.0000005317       -0.0000003173
Al           -0.0000010955        2.0067727155        2.0067735361
Al            2.0067733623       -0.0000008494        2.0067741908
Al            2.0067727886        2.0067726866       -0.0000000658



     Writing output data file ./pwscf.save/
     NEW-OLD atomic charge density approx. for the potential
     extrapolated charge   11.93637, renormalised to   12.00000

     total cpu time spent up to now is      185.5 secs

     Self-consistent Calculation

     iteration #  1     ecut=    48.95 Ry     beta= 0.40
     Davidson diagonalization with overlap
     ethr =  1.00E-06,  avg # of iterations =  2.2

     Threshold (ethr) on eigenvalues was too large:
     Diagonalizing with lowered threshold

     Davidson diagonalization with overlap
     ethr =  7.98E-09,  avg # of iterations =  3.3

     total cpu time spent up to now is      197.6 secs

     End of self-consistent calculation

     Number of k-points >= 100: set verbosity='high' to print the bands.

     the Fermi energy is     8.1655 ev

!    total energy              =    -158.00997930 Ry
     Harris-Foulkes estimate   =    -157.95765072 Ry
     estimated scf accuracy    <       0.00000096 Ry

     convergence has been achieved in   1 iterations

     Forces acting on atoms (cartesian axes, Ry/au):

     atom    1 type  1   force =     0.00001137    0.00002108    0.00000835
     atom    2 type  1   force =     0.00001143   -0.00002110   -0.00000829
     atom    3 type  1   force =    -0.00001145    0.00002115   -0.00000838
     atom    4 type  1   force =    -0.00001135   -0.00002113    0.00000832

     Total force =     0.000051     Total SCF correction =     0.000198
     SCF correction compared to forces is large: reduce conv_thr to get better values


     Computing stress (Cartesian axis) and pressure

          total   stress  (Ry/bohr**3)                   (kbar)     P=       17.08
   0.00011610  -0.00000000   0.00000000           17.08       -0.00        0.00
  -0.00000000   0.00011610  -0.00000000           -0.00       17.08       -0.00
   0.00000000  -0.00000000   0.00011610            0.00       -0.00       17.08


     Entering Dynamics;  it =     8   time =  0.00678 pico-seconds

  new lattice vectors (alat unit) :
   0.991107961  -0.000000005   0.000000019
  -0.000000005   0.991107831   0.000000010
   0.000000019   0.000000010   0.991108642
  new unit-cell volume =    433.6903 (a.u.)^3
  new positions in cryst coord
Al      -0.000000107  -0.000000111  -0.000000072
Al      -0.000000269   0.500000152   0.499999978
Al       0.500000249  -0.000000196   0.500000124
Al       0.500000127   0.500000155  -0.000000029
  new positions in cart coord (alat unit)
Al      -0.000000106  -0.000000110  -0.000000072
Al      -0.000000259   0.495554071   0.495554304
Al       0.495554237  -0.000000192   0.495554453
Al       0.495554103   0.495554067  -0.000000015

     Ekin =     0.00571385 Ry    T =   52.1 K  Etot =  -157.70767750
     new unit-cell volume =    433.69034 a.u.^3 (    64.26628 Ang^3 )
     density =      2.78864 g/cm^3

CELL_PARAMETERS (angstrom)
   4.005539025  -0.000000019   0.000000076
  -0.000000019   4.005538502   0.000000039
   0.000000076   0.000000039   4.005541780

ATOMIC_POSITIONS (angstrom)
Al           -0.0000004294       -0.0000004462       -0.0000002899
Al           -0.0000010476        2.0027698809        2.0027708199
Al            2.0027705488       -0.0000007744        2.0027714246
Al            2.0027700105        2.0027698614       -0.0000000603



     Writing output data file ./pwscf.save/
     NEW-OLD atomic charge density approx. for the potential
     extrapolated charge   11.92796, renormalised to   12.00000

     total cpu time spent up to now is      207.4 secs

     Self-consistent Calculation

     iteration #  1     ecut=    48.95 Ry     beta= 0.40
     Davidson diagonalization with overlap
     ethr =  1.00E-06,  avg # of iterations =  2.5

     Threshold (ethr) on eigenvalues was too large:
     Diagonalizing with lowered threshold

     Davidson diagonalization with overlap
     ethr =  1.07E-08,  avg # of iterations =  3.0

     total cpu time spent up to now is      219.4 secs

     total energy              =    -158.00963616 Ry
     Harris-Foulkes estimate   =    -157.95028775 Ry
     estimated scf accuracy    <       0.00000130 Ry

     iteration #  2     ecut=    48.95 Ry     beta= 0.40
     Davidson diagonalization with overlap
     ethr =  1.09E-08,  avg # of iterations =  1.9

     total cpu time spent up to now is      224.5 secs

     End of self-consistent calculation

     Number of k-points >= 100: set verbosity='high' to print the bands.

     the Fermi energy is     8.2128 ev

!    total energy              =    -158.00963571 Ry
     Harris-Foulkes estimate   =    -158.00963635 Ry
     estimated scf accuracy    <       0.00000031 Ry

     convergence has been achieved in   2 iterations

     Forces acting on atoms (cartesian axes, Ry/au):

     atom    1 type  1   force =    -0.00000574   -0.00001138   -0.00000455
     atom    2 type  1   force =    -0.00000613    0.00001161    0.00000483
     atom    3 type  1   force =     0.00000583   -0.00001114    0.00000433
     atom    4 type  1   force =     0.00000605    0.00001090   -0.00000462

     Total force =     0.000027     Total SCF correction =     0.000045
     SCF correction compared to forces is large: reduce conv_thr to get better values


     Computing stress (Cartesian axis) and pressure

          total   stress  (Ry/bohr**3)                   (kbar)     P=       21.99
   0.00014950  -0.00000000  -0.00000000           21.99       -0.00       -0.00
  -0.00000000   0.00014950   0.00000000           -0.00       21.99        0.00
  -0.00000000   0.00000000   0.00014950           -0.00        0.00       21.99


     Entering Dynamics;  it =     9   time =  0.00774 pico-seconds

  new lattice vectors (alat unit) :
   0.988914256  -0.000000007   0.000000011
  -0.000000007   0.988914124   0.000000002
   0.000000011   0.000000002   0.988914956
  new unit-cell volume =    430.8169 (a.u.)^3
  new positions in cryst coord
Al      -0.000000107  -0.000000115  -0.000000075
Al      -0.000000265   0.500000156   0.499999986
Al       0.500000245  -0.000000197   0.500000120
Al       0.500000128   0.500000156  -0.000000030
  new positions in cart coord (alat unit)
Al      -0.000000106  -0.000000113  -0.000000075
Al      -0.000000261   0.494457217   0.494457465
Al       0.494457375  -0.000000197   0.494457601
Al       0.494457251   0.494457213  -0.000000023

     Ekin =     0.00713957 Ry    T =   64.4 K  Etot =  -157.70767939
     new unit-cell volume =    430.81695 a.u.^3 (    63.84048 Ang^3 )
     density =      2.80724 g/cm^3

CELL_PARAMETERS (angstrom)
   3.996673222  -0.000000027   0.000000043
  -0.000000027   3.996672688   0.000000010
   0.000000043   0.000000010   3.996676049

ATOMIC_POSITIONS (angstrom)
Al           -0.0000004282       -0.0000004583       -0.0000003014
Al           -0.0000010529        1.9983369706        1.9983379738
Al            1.9983376103       -0.0000007951        1.9983385236
Al            1.9983371089        1.9983369535       -0.0000000941



     Writing output data file ./pwscf.save/
